10000 10000 90 1000
2393 5346
2622 5845
5341 9387
8877 8052
1927 6885
6297 7176
2585 5192
917 1041
9200 1454
84 5500
6485 920
5463 4629
6744 109
6548 1482
2761 1188
5480 7778
5625 4101
9837 7885
5777 4939
3135 3789
528 5596
5675 7478
2059 3628
5674 1442
6801 1198
4813 5257
237 4989
4313 3391
3727 6394
2901 6237
1052 4951
7233 5493
5301 8340
1065 336
8262 5127
2202 1706
6160 3585
581 9425
8537 159
7762 5001
3313 1198
3334 6564
7785 627
8504 1520
272 7609
4688 7857
9246 3052
4450 5217
1428 5158
6602 3269
1843 3768
2823 834
1613 668
9757 9439
1561 2648
7317 9501
2506 1110
1032 6997
4594 5169
9757 9280
3779 9746
9359 2189
2455 4956
1394 9582
3232 5077
4151 7300
2866 3414
7230 9901
8896 9013
3819 8330
740 7697
2732 5190
9059 6781
5163 1908
1729 9153
815 1096
8096 1149
6231 3929
4783 4399
586 917
1921 967
6056 8054
8810 889
5910 4563
6465 1443
9096 1914
8515 5104
655 2012
5173 5340
3157 8266