100000 10000 100 5000
2210 6435
18931 4134
961 8021
5613 3820
9050 1349
27024 105
21142 9474
31363 2066
28299 8590
22940 9741
13001 8346
25612 4276
21551 6804
21719 3931
15876 621
2696 3795
9539 7920
21794 4701
26165 1360
24665 7682
24645 3009
3586 9443
17425 5482
21705 2253
1981 9689
30498 79
30092 9655
9858 9711
2225 638
26318 5481
3170 2344
17940 3577
12591 3658
15481 1596
3218 8353
18546 6290
14023 2219
6967 9287
31453 8762
26997 4514
19726 4340
13379 8189
31564 270
7768 4934
19484 7931
8571 1669
32679 1183
14394 1599
26382 5097
20447 4410
1535 16
5792 3299
29318 9069
31254 2797
26405 2442
27121 1866
15142 537
13033 6222
13616 7016
1528 8818
27673 2771
32710 4599
10747 4155
17509 6939
1418 5078
830 7857
9636 6214
30539 28
25386 1646
14215 1020
15631 1891
27555 8829
21166 8735
14587 1451
22625 2796
31688 3435
14927 639
8343 5958
24965 1587
12794 4023
20297 599
28285 7303
682 122
31451 4838
23644 3895
1138 1821
29891 1324
26613 5890
6222 783
12385 9036
24070 8290
562 7896
3175 5014
18134 859
16494 8815
11362 7705
2803 1127
19844 2165
30777 5461
5560 2057